-1.50388645048858	1.2121583826746678
1.3073497739177768	-5.645378361920866
-2.7793449769903247	3.0059392356961467
1.4748900891466914	7.855130913192641
0.22232465131397167	1.6857088709119377
1.076686771592153	1.5929639434797145
-0.5487989236939542	1.1658783248375708
6.562205189862439	-7.534584377613925
2.5526383769638095	-13.017212680392946
1.6739682397348474	0.41615793459797923
-0.6567125249082242	19.21510998056813
5.141485930048981	-6.000996630064474
8.90191362049462	-20.87219646921628
0.17157451329589693	-1.464571525706818
-2.3140551072212405	13.003515337425089
6.0616742627756794	-17.78259347283667
3.80374253364974	-5.180713142700399
-6.113066787576687	0.9010554792007741
-2.649498980865428	5.314869472311615
0.18094370643484095	9.989248632385003
-1.549692562043964	0.48902207260160485
-1.6468441148411535	-2.7449253995820726
-12.25078678242365	14.563233615933203
-4.552139046551237	9.191893626316931
-2.5281747148820415	6.9689525446759015
-7.110927825138503	6.826629651422192
-8.457920480938961	9.297547787753036
-5.552622384858493	-3.494141210169929
3.108949084404369	-6.1250538047236605
-13.440266384999124	24.246052921106717
16.440507441817402	-12.17171629257848
3.900336068531683	-10.566640596953459
12.189370672811648	-15.46225763774595
-12.21035711368179	21.328014423369446
-0.973428030212719	-2.511279966157885
-10.59851765600614	24.88515662622155
-2.4899638631662486	6.412827863421464
-3.6244319724247345	13.551159285201642
2.034127648289419	-2.9801179236214783
-3.2247038551686256	16.052096014590163
2.409870788245823	-3.233619277200522
-1.2405926289373628	4.923960968217956
0.326670527999359	5.519051171026528
11.455147480096306	-20.991905931735225
3.7778552603332347	-7.862540141784149
-3.384337194059727	14.64060388021779
-0.1250283813672936	-3.797582994176286
-1.588006543798025	4.693407360402268
2.380895036031498	7.882085186102945
-3.9132646005941467	-4.755130187924716
-2.362590621312811	0.5496829958018752
6.057980356963203	-17.24629750054338
7.452663722806543	-12.696145027082592
-2.70460103893083	1.5309540632461482
-4.802476531220478	22.688392803154095
4.312200185524228	-4.991977932799787
0.4486187574499761	11.728271412968128
3.5429864755906717	-4.20547324339509
-9.409152971851212	14.104497112523186
-9.400483283412852	22.86487581528062
6.702550174515438	-1.4085414777324383
-2.832883490110279	1.5382677135401261
-6.084274842718944	2.2559738380998873
10.277697734826074	-8.866220882085386
8.15443950421071	-5.481024948823767
-3.9362755574521597	7.646905924124221
-5.437705653934713	22.869881585717348
2.588629406464661	-5.911744949415458
-14.924123992419553	11.701702204602846
3.933021214771125	-10.072300996225946
-6.477959246934636	-2.0736244047855923
-3.71512015652592	14.634059278810433
-6.597430199673274	5.574749579785885
2.867778638188942	-14.539586414159787
2.796697131570803	-10.99730578019608
2.2058345568250175	-7.321101809036736
-10.379316289191353	19.77766254435631
0.6039763974249911	10.426840988964019
3.457662127847579	-10.314145021130512
8.526261849858072	-13.76567248529101
0.34312404955096415	-1.2174762051542416
1.886662347797011	-7.208297945834774
-3.9736284611736647	6.064039097429357
-7.519669446772171	11.359396644445745
4.111695125180223	-8.371437999767172
-0.20514788991358007	6.677426907982761
3.827330202031905	7.716577940317804
-0.703855358848912	-6.8945204291778115
-5.575154811550957	3.5568711473458525
-4.316029510620086	3.7810474825762297
3.387598861015614	-11.315482751292071
-2.1574300203751275	-6.690012284799749
3.6941260890922076	-14.675891150389266
-14.3358684245684	11.39991386164825
-7.699398269124579	1.932705993974761
-9.665480797814663	6.172249550401751
-9.520899617680028	14.320791977275697
-15.080128958126712	22.710358706206197
-6.465818557020097	15.083960693587926
-3.7553083546408677	-5.3218218920707345
-0.8863203672514872	6.991767193101898
4.713455344153422	-3.8257187260817878
-2.5348586418349957	-9.80861038200333
-6.95283703470167	2.6648337678004124
10.030001936022128	-12.955781091485719
11.780798731366215	-6.7534710782839475
-1.9688314325475502	4.71387347451757
-3.073793050537081	0.2877657991549935
3.8702652165499143	-14.220290278317767
1.760154288718881	-11.702134177026172
-0.014379592808075246	1.6372641063700828
1.452418877299926	11.420174461473627
5.293756021285194	1.1256750365615564
0.33074127660805075	-6.74009484509643
-9.028536596455764	1.617915722429343
2.6296169993106333	1.2367335189465778
0.6829154276519313	0.6520122565781343
8.415228259578184	-2.0815135309764403
4.06847315053013	-13.366735425356808
11.086639301329235	-4.706541740104715
-9.703323346939559	7.633617397399358
0.6999865326809274	7.526135300377584
-3.7139924471365435	6.412542135424963
-0.48060857984343647	3.0736028789114878
6.681469963188987	-14.795730629617486
9.10025805759987	-10.399187535544064
2.1834524890326708	0.8450946514393008
1.6605825928875042	0.11030710335799064
0.8649451674554991	-10.219094679843359
0.1825940810045385	-2.534130862978445
4.950859105764367	-2.566384912974371
-8.426153055566107	9.878830580972366
-7.09163578189536	1.0782125214032217
-2.1617601275126064	17.276465322074905
-11.200379794430804	27.235587219739752
4.507299350252525	1.8495682001850053
-2.4134815557528686	-0.8732242660776911
13.4091514109011	-26.753207468244323
5.0811831504862495	-13.93095514396138
10.608406147228	-6.359470031501772
-2.9860286009364505	4.044475994199224
-4.7954887429691535	4.359547631338908
-5.9351077445362	11.193242946278449
-2.531613265557545	5.473364053687885
5.346596450865456	-12.07147900408125
-6.37476062618194	1.6279395010447815
2.807773257696786	-17.38577178732605
5.780734649389285	-6.522166493875874
-4.071707642075359	-1.7462621650646832
-0.3411550924938205	-1.7541401756300519
5.916277663714231	-21.45214049267819
-6.228059552497278	11.904046949868514
-1.47010381959401	6.314349410144331
0.3248865484518594	8.656733394786233
4.760669825932068	-16.881282429904548
0.513740244213086	-17.243367248817428
0.8777595762351845	1.6821676227233913
5.313476014830098	1.656873766646562
-2.099772576065704	-8.446379519054592
4.818856840936538	-10.305940094106196
-1.394201244445794	15.04987705291162
3.1393485398851477	8.535895885717087
9.231575564813328	-9.436035072574352
6.0368952271112795	-10.0503103798647
3.1380509610968472	0.6719495441077866
-6.622531686746012	6.207700693398144
4.012161494660202	-4.32895338510592
2.522366711339399	-17.46768669850889
6.392504479865579	-12.04730681156948
4.107346630814652	2.9044875702878294
-3.744011661398989	5.155996580572404
2.742768409922197	-5.2280638288347125
0.8037167733953159	2.438945584206915
-1.2458733811549747	1.5361272350717423
3.27212940905167	-0.49331855166877353
-3.4423542118894535	0.22857539903422394
11.438163321789643	-12.030659684590676
12.918660003665115	-19.082359918767825
-11.314172827082341	9.951950501412927
-3.908512493037416	12.267414549973262
5.674610236812859	-9.919917028178022
-4.964335355870687	4.881993714918451
-1.34068381386847	5.310672822730748
-4.378169010994579	6.325244119224051
-3.911283517929595	8.305110991703616
-0.7522422566611824	3.8329890234204176
5.235347048242102	-6.626922267404378
10.4137311839902	-23.908175638678724
4.1387902913801	-17.0249669270635
4.634181970503278	-2.129109383941011
-1.3164490884956945	6.744566358769651
9.366672125386037	-19.134171051306048
-0.7799232600021885	-2.467870143360032
3.941941636379599	9.256001131639138
-0.2467770405040855	2.204252130255492
-3.40189962350775	-3.121471859776471
2.4953355423212824	24.011041334540874
-11.713101753560174	18.532381304193507
-2.102256640141363	5.616660418942291
-0.7541137112847073	7.939016154741523
-5.610155542572539	13.595466096274649
-4.273819518213735	11.595821836515366
0.6025536725484808	6.9438313063287405
-16.073623453378296	26.931385001542317
-4.530485582088242	7.032875637747754
1.783562650809718	-0.7003518864888235
7.681513319522707	-13.684157730997384
-3.170298876401187	9.752026538929206
7.330588562190793	-18.760470195656865
-2.5217385841290842	-4.3951349424720645
7.290510798730531	0.5028684064666492
-4.978898459282435	14.316140870956378
-3.336262236499481	2.6023538598901355
-8.415543232407366	15.368878693933238
-3.8533722419463574	-2.392865966064425
-12.733036297563533	13.099085889350864
6.176391293853868	-4.480799399495094
1.0152838006962945	9.55709644301227
-4.626065885162375	5.872208739557942
-3.4699390837446726	-5.667679330658679
-0.93940634789779	-2.0717209631744047
-1.1389086098658616	4.867201454000656
12.83677212211365	-16.19004380580331
-0.7925993495426018	12.811877118810136
-2.844233742009467	-2.1924921763038325
-8.941193853942483	13.137364445677713
7.786486470789485	-2.212385157992026
0.7918612359640151	0.40690080849564275
6.690245713571186	-4.485358846960643
-4.2434055163696325	11.560005731812366
4.397241726025103	-20.10581549569889
2.998934729354194	-1.7996511999472724
-8.878990048935506	7.805555299543421
-5.342453724864803	5.07633274643143
1.078563822317658	3.9296573890497073
7.203324746803202	1.233595925975527
2.584365839638707	-6.8813028682797315
-4.05081739334274	0.9973026341814413
8.257823619267002	-19.597535343922846
-5.3286033235264805	-6.803026836628189
-0.6955263137703305	-2.5861622988605713
6.303420082965337	-8.701591836249218
0.5002121389991548	0.7935396247399487
-4.715712048137431	-2.431529537414366
7.793523507912613	-17.306519532049087
3.558716448687871	-9.183339260023446
-11.677829723165324	17.07792837853832
1.012207212854764	1.2335702363058245
9.837444218647525	-2.696394800291038
5.732264665179698	-8.124129342103501
7.0614525127155305	-3.0035465656290032
-1.0700736908773283	-13.807830188291705
6.244355341804096	-7.864646254233987
-6.644430817002608	9.42197521855092
-2.9506632955738645	0.03658763825502794
-7.5074597984431035	18.05417809887515
-4.876183168369023	3.2091459150263435
2.706716425546058	-4.175648917384412
-3.504847824091625	8.621777801781263
10.314718913203436	-13.424360815446764
-13.993703347898823	8.406129907264608
7.84281006664524	-21.61047953085018
-3.4092621782671655	15.388698126323668
-0.5111635392098871	10.934528156648804
1.8776413179890077	10.40519765033043
-2.4982405945377533	-4.225778969662123
6.267305290061163	-12.923656411447372
0.6096190019279402	-11.602374594856746
-6.678764358225667	6.935873646378498
-2.9422966295148845	-5.280058334287656
-1.4842371957989167	7.789839420577568
-5.653551319199027	9.451709091141748
5.003661773374043	0.10906552759345699
8.122531250955925	-7.527449772810242
2.261969549684913	-2.306797931586429
-3.43019489882566	12.4786112405398
-0.5741883902533196	-3.860272486810727
8.450815428864852	-16.15816838008905
9.839943603059826	-22.89592623986775
-2.435431419181685	12.450151245650245
-3.430760761126011	-4.558491217644688
-5.074108313408159	1.0566623713948047
-0.408665783343849	9.863317945619007
9.682367811927326	-8.766807117030114
-1.8206713285345877	15.911018650847968
1.443612288513952	-2.680090435550772
3.8854452989459114	-11.295785880599478
-4.512602439899116	1.407214690584623
-0.8111018243143686	-11.635651789073307
10.35279352932216	-14.180658749106085
-2.4915332522921543	9.535332079602341
-2.9371562809629803	10.505820233263687
-7.189742079028695	10.454128745666702
7.0266883271067115	2.879196093048824
-5.740297951645196	1.1502467990264855
3.7964505446769454	-12.761428528517715
11.047849856266781	-12.216072639646624
-0.5841687776054995	0.7856831722931954
-4.8054948860853095	2.3103775285661285
-5.063800714541582	8.25355718058864
0.08905543263884882	2.5989467322292414
6.464697725909561	-6.868475083744017
-8.142822403925548	10.521738062697352
6.849172718729988	-17.02796844698349
8.196095517265675	-16.016786650508973
2.0995545052855284	0.08105691708621177
-12.970396265464705	7.061327426631317
-1.222848938929649	-0.81534339692328
-2.8632812048656096	0.8466144436272218
16.232530310047594	-30.3248995446577
4.2751929297383535	-12.265626450009044
2.6080558307003416	-6.005833131159835
-6.01157786015337	0.5146414906046173
0.5161164286616631	0.3975036865053013
5.1744967905857555	-5.6113906070317645
-0.03258765518435082	-4.607500637250604
4.315721707636385	-21.698125370868944
-5.107010595694758	16.60742752244038
-2.51353892388543	1.736942140699681
3.0161234074108334	-15.616150687656909
-0.5462131028422434	-0.6273704185693915
-0.28661229684019496	6.111152618550162
-4.649235373825662	0.20997351044317866
-3.9911290859719992	5.685268492079235
5.2030860326728146	-3.626827433118743
3.8837051805832505	-3.158757695621252
4.072813675244548	-5.017052809113045
-12.128307367558296	11.72427643562545
6.139169757332163	-6.832262975644259
0.275138263540036	-0.8464215862523808
-4.827238303658408	9.738685622774158
3.9074605892281826	5.723173536795355
2.7186178020436005	-3.760384649952195
5.291002546174711	-4.23017573477153
1.0495509522228417	11.26338447911181
-7.676867170009009	13.823929493324723
0.16592745006396506	1.8978784220137246
2.44625342991107	-16.25438332825773
-1.5328201231220575	1.414546217290837
5.150618858136376	3.611566826257776
-5.217145529473534	-7.37795049855887
10.419341504875968	-25.140289526185388
-4.803194633299908	-3.035427537151167
-0.5631506039806591	6.271606071182274
-0.23513944415201035	3.098018738376246
-8.717755390259255	14.765173396675383
5.77070427575615	-12.817263527559488
-1.2351634601002957	7.059025253567479
-3.885468000489549	4.101771499613223
-0.6003924301046467	-7.46258342900054
-9.455747429045738	8.598076125396455
-3.6444821646175365	3.8637279263507756
-5.350190043651785	10.641842937567851
-3.123522581060329	0.5006218029265319
-2.963216793315318	5.957298279196189
6.147613167643082	-9.722747755749388
-1.7883288889217615	-8.788773872971547
-1.3792169812032005	17.78422652817655
6.168752922948771	-11.940210582220512
0.9633552722411532	-3.9674200235284713
-4.98841029634144	13.234172348201875
-0.9815265490856094	5.599543419491534
7.54515164962625	-11.854479551296487
16.42028054103504	-27.67650871030856
-4.155346354148164	3.941658613838449
0.5174194606701803	-1.6231651749693974
-1.710894034143947	-2.091860402055315
-1.4119248629567234	0.9470159557586248
-3.379537763417244	10.32463425439921
-6.682386318036721	-9.030027336542197
-0.29541332403823556	-8.064890005854396
-2.530897821694857	-3.399501948685355
5.699410015938379	-0.8319826811454418
-2.7840079128248343	4.43040562594523
-5.198625681346546	19.58313434690458
-4.908016250960395	5.959843956264208
0.5885545487260118	-17.09073238838273
0.21293461939833197	0.8729353835381743
7.774162899456645	-19.011122079095713
0.3234288456770668	-2.775394818521833
7.728283623189498	4.235820419706387
-10.93323838168684	14.589113334635542
6.278293191349219	3.5706321233593337
4.168354406760194	-12.038208571306257
0.3269022986711991	-1.7001081993501408
-4.89410134270171	9.86955589815918
4.871311796779799	2.1352977678100076
-1.2238306283772307	-4.213695383358385
6.094212762548869	-9.441215875937676
5.803964464142512	-7.084250806778243
-1.7287637308301331	-3.015497903770519
-0.5126934655317945	0.38362106528576817
-1.2459913173078705	0.8802373142659426
-4.20993822705464	-1.4228114642608705
0.5684388612756498	0.9697556095742327
-4.5167333869955435	3.526606914483081
-0.918347785871918	-1.5919782923869101
-1.3054119500481385	6.879040620850186
1.4616568459163992	-11.532156858352952
-1.8514474691088099	5.755974111916572
4.003393666887458	5.693998905526774
-8.727008091897634	4.7815426161737165
7.654268887109049	-15.06806370585456
2.5523680750031694	-6.069354569440591
-5.250353280036151	1.6338915999929977
0.07857358197477586	-11.544179741546477
-0.6277955171142006	6.422670074706633
7.04937429371774	-3.8398881736699493
0.3944243205240454	2.962410018011046
-0.8293623855481059	-9.2670761556367
-7.262699419168183	24.19132412444371
-4.3139737422136255	-8.191028070012013
-4.16024287835409	-2.5777393842161214
-2.8938243132949517	18.489606978310363
-5.304605550430091	5.13957566069087
6.092636198803325	-10.905111473799279
-1.3670056281565124	2.713381704517517
-6.960480920738018	14.058053042863273
0.9827302023145486	3.035237481029088
1.69885637826766	1.860801857995848
-3.3781041349644374	-1.5042676415013987
6.785980690190165	-0.3645094654675375
0.39153302685724617	-5.454406787048944
-2.9781821042428605	1.89852862244283
4.361990769691567	-10.268051174619234
0.5213944855569234	1.0739571493064002
-3.193726063703094	-7.971383185915073
4.844381299565285	-0.45835917292757394
6.649740655776987	-21.648199127131807
-5.550893595290156	8.059934989490552
-6.51182033183621	18.227325094092507
3.307825591357384	-7.281569443478099
-3.4620067320861057	-7.565235023467301
-4.4925605057261215	1.486371825872505
5.037907316917224	-7.480561277686917
7.179955220568849	-14.746850036927478
10.461298008391132	-9.335553364085985
2.015461395260555	-7.604472121322457
-1.2805846148490376	0.4114411548968849
-2.279131090680838	-6.252457114825955
1.659225526554483	-5.547117921775556
4.448909177309012	-6.679885516364151
-3.8983256891678355	9.462733067957243
-1.42305599284611	10.486567389206632
0.23664939205598942	17.504560959754
-1.7151384514306887	3.3845673351775107
1.6639943024382482	2.553629442201845
0.8972797748509208	6.663688326000121
-11.24608745493227	25.401611894068168
-4.121258751298642	0.4642284947599578
-0.9841995379511802	-0.6563435572244058
-3.768083727504052	4.202185266602267
5.896310637913479	-6.093180518419518
-8.433191438873864	9.0294822070656
-8.40698343213782	-2.633827247431123
1.9175075186914325	-7.38408306496181
-8.542267071666668	11.21430309962216
-7.260335632047786	7.389684023879196
-7.054307528194733	14.337376568931054
6.057766828411878	-23.920767669504983
-1.4654020378464834	-2.739844823101803
-1.1511531412173936	0.19976953929556004
16.616821716753943	-17.960943953485682
-2.457096908716422	-1.118034959800186
5.507553407285425	1.0833422237626178
-1.5634021529352093	-5.937742098859909
6.904316929268453	-12.77434627596595
-1.365988987116061	-3.598869469904494
0.5786750203846818	2.9908223620752397
-3.4974864204441283	-6.471572885739092
6.018971271598211	-9.586318363406148
-0.0575594242870076	12.218494715285969
-4.62051348053137	13.327975600386809
2.1090211486207733	-4.160766007686785
-5.826636060647288	4.572565963322714
-4.707805514556495	7.999766580489489
-2.085442485096367	13.22015616710725
-5.5310148177347	9.159574441780153
3.5023748301833058	-2.665194847890774
0.20400866968050363	-3.8181637347276824
8.90119562530138	-9.270863228379707
-9.67394292263445	-1.0889300025213913
8.326117670169065	-14.915170974873952
-6.933085948268581	-6.03383915008051
-1.6044700787965884	4.885090629182642
0.6568010953209366	-9.184136311238818
-0.5282551650635317	-3.064997350786595
-3.5418069004820905	2.036492223207135
-3.5481101242467883	2.630861354471332
0.3894493196074793	-7.587618487709007
2.2837074327780704	0.6661000792224556
0.3839768085003184	-2.2676873044195602
0.4032882102371032	-3.878908923889645
-1.618130543539042	11.74884811210231
5.6491466640704	-8.64338746868952
4.316973383714382	-3.8471332878458204
6.604804660484759	1.171845238056636
4.559310709992749	8.72698099252921
2.628231907674233	-3.7721743122803
6.7591396311527445	-16.61284561164508
15.168187047217122	33.12743380318349
20.530339543334215	58.28995788896519
18.806604725431335	37.143304972645176
20.438631036087454	41.56758757312179
29.923054925756187	48.5505390662693
25.94692977967315	39.74691418688295
33.82396755689182	53.234024443799626
23.739379128350205	60.769001932124304
20.38641907827335	24.932436494230203
23.262833767504567	35.971706633269406
41.69122490544662	60.58641652057632
31.48603342076366	49.587735538585655
31.09263099514571	48.60063719634192
19.715666659329198	39.581747664096085
28.832071263735255	44.70618792699876
35.55269912582029	36.716945774364746
33.40289557235107	67.46550422335056
42.716719363455915	73.70721532991881
10.68242509130609	28.00895298470153
22.769356508119966	60.89123658879661
37.68213663946268	60.17486104949725
38.80140074047194	46.977243562656064
42.1131278113409	61.16447147106004
15.463300252020446	50.115310975276174
15.393709092283938	30.422153184353032
27.51537970354846	48.91925187442805
27.318594715381117	36.58991520703065
9.816344556879038	39.3855817093819
33.648211680807556	42.98720658470126
27.225866665264725	47.19154306414887
44.64837198798367	73.01531442434778
29.175269110033433	51.173651827180855
29.873126824568153	40.27736214885721
40.95012949852435	61.0251869138152
25.643678611013424	43.041624714816905
21.557663823784655	43.08338938888214
24.342164512028496	43.76526221283743
23.470139937952222	41.76181734705028
22.608712761127673	61.4303259603855
17.880875210226254	37.15828260754689
17.55730016428882	42.52363755289688
27.77080023400669	48.82939796889606
21.79693940558819	49.38205203037018
27.190307142397437	54.72603683836308
31.99187538272267	38.02668843868641
21.455174728644188	37.38934794991265
33.402953129276135	50.53361299786383
20.430009823854583	38.97972528806535
36.68666014861174	60.85830613437139
23.587212318042095	45.64831036531007
24.75088617573264	44.587993009331306
41.50492598803184	55.251639913126354
35.45116116402897	61.46327797178427
26.688733443137252	33.98799134874798
28.100581089050177	55.56423179753246
21.801237361582054	38.45095053035298
39.905851868144865	49.932874285699455
32.04066263517421	48.38947823031761
30.989414608210385	55.033644415290915
33.806807484326676	65.40811766738474
35.40549826687376	63.40788056261745
32.99924356639196	47.77626647782814
36.3210088907731	62.65692909023099
39.73320112066967	50.179502683605605
37.976667534958814	40.1787168532025
33.44372149333592	49.602365562795306
41.66730294068152	64.3014166596271
31.73411935966008	33.936894049502
42.441945874525906	64.2900796386119
20.09224662404622	50.922390113612664
30.05280587680649	49.02347946516445
27.8672337408518	52.29078249677585
20.519910319003486	45.23363269394421
26.899711057540642	58.47282254318813
30.155485426667457	38.8084335009071
28.261231155756224	46.056858542803205
32.89807763774192	37.811273702955894
36.29114741138158	54.22013369643046
40.655452306743406	65.45496472193845
22.969056184772533	53.266799467643246
38.772378137323926	48.42809642317005
35.730613235331646	60.243627797894156
18.799290069554335	51.501055955865056
35.22757887173965	46.76211915481033
31.64338593590114	35.95421402763432
27.49064364127965	53.339748332340875
27.659960035525494	58.08453061306636
32.04696005556018	67.20553472336921
15.93479094929177	17.269324321442397
31.625527575071487	65.7510872314774
24.631543805922057	37.87400922539502
34.836313789844844	54.90546749015473
21.8318248705947	47.15550443865322
30.1989437608081	54.59449747162661
39.22194006368346	55.92257991715985
32.627906290238	44.11515353176657
34.51109364469432	65.99362951697942
34.64193855096936	53.70280839106162
28.740981986034743	49.38463109346786
39.761770506280186	60.19748766503795
39.701207709119245	60.191359916464556
29.457635364014397	55.101007609439414
27.724364417969724	42.117349844856385
33.94438856407821	65.26899611120729
16.86132081020924	32.65100607454774
31.55722960167958	51.357633149966425
32.66915165747168	67.66053490556067
38.42204747167404	67.05682999980209
35.556023448780074	49.27346837460034
25.016337281940455	42.91874694418399
32.277791763513925	35.779690471861215
35.447367757329616	68.16085752155189
32.29314852180389	49.4660780894192
17.07522959412819	26.68150280062715
4.33088517073211	11.367824392000685
32.96173335984031	49.56635269938165
27.6469858717515	53.68940920678596
33.855190558677045	46.290626751991084
32.84468381469162	60.58578071198714
30.078371840264982	55.691855407913785
22.56975103124915	49.76767634381633
23.04511381674991	32.243191747257654
39.321131872745745	65.90789994308291
25.880593388756175	38.421607128330606
40.93731037042454	64.97449782489915
37.37183987628529	53.372459660815394
31.60610941672469	56.680331346436105
22.75390766336679	34.49925154521689
22.853713682808106	53.160230681196886
30.735986702961856	47.78971474565441
31.141123929024413	60.58540481929003
31.056537570477193	51.221318111054224
33.67878732756548	68.45639229190175
22.605530884490744	40.265358652420424
33.50576032309786	49.143262434824756
19.622154468131	39.67432694281564
28.502259729911614	52.02036432182037
22.099326549397073	44.28181554402787
24.584771459605037	35.25361656360296
24.82433568720415	44.88692870274759
40.68968517094655	71.03196542652194
44.412418791575284	75.18663015833889
33.035242821542376	45.673057906946596
21.29355455574902	55.206916485535615
33.37120711193296	38.52296781189487
22.183047763651622	37.336453124672275
31.95120412627791	46.68354408220752
31.200957415888265	45.947357764533066
17.785235901904876	48.368260964962644
37.28563560644588	48.94023364969291
36.18060434876873	60.977063855833954
20.468556282995735	40.513956768634785
44.246882765553465	71.2869425363895
25.755158065997417	42.48092682002521
39.059716733325764	68.13008075415637
31.010486109494902	57.18704650142599
35.669750043543885	49.78899515532787
28.19424200348906	44.1642803689271
25.999789942079634	37.21907616734144
27.26133696683015	59.19114787653109
42.90205747027661	66.76161579379897
21.491391230426075	49.92028697841944
24.131443993374734	67.1474538160211
38.92321829297228	49.159117934431336
40.23218981987416	76.28406412025811
29.415115367332625	44.03261374007114
30.45599922975682	55.953841532499325
36.20121303991864	58.627531898393606
27.154047308907753	50.49104732595626
23.014738788200567	54.15215189096712
42.51549350440591	56.33983656529696
35.77410811649097	51.438098003984734
26.45973894994836	43.56078885015203
37.85539728571826	64.50786946412299
27.918981689953704	39.411887930397704
29.50918360636431	38.972762000878625
30.262636345782592	61.373647081958424
30.910603924709736	58.25967704698442
32.59087030251812	46.36363879909173
32.378781845815695	65.49197897696601
29.52357953952429	55.22655992275084
18.685974313657574	53.829943607129614
34.87153628791666	66.35785802655387
34.8270970546576	44.34813612294872
22.437669482840963	47.534487004482244
28.97363926740449	41.68947129899629
25.853721151503905	24.057708078049014
26.9201752347985	41.41550882749687
31.871069108669122	61.41073441554175
22.80067150382852	46.96242944179673
30.896590379109917	50.09048067426283
29.34267829058484	57.43487928230923
17.78267259981361	32.800831809406375
21.208059659358426	41.328543653600185
27.218208097328535	50.22891719914786
41.86012521616901	73.27740953324286
36.32038060213889	55.93098693306798
22.494181318917043	28.131433881130707
33.880561477104095	50.42223806199505
28.563318628919475	36.3996730928516
37.2025348951361	48.577923338475266
32.34031977500558	48.10663029176324
31.82813608606162	60.6687077221581
25.59997570495591	51.19121866647621
20.671840611027072	45.36353712507743
30.487513965615605	44.64284313058365
53.428408516015025	82.02465834923736
32.25160526128729	40.187608140348445
47.46378636808427	88.35219009093969
31.73188745993162	47.30091146471674
32.3790465751619	53.16089026259096
35.60037223932135	38.45116869342428
15.228407602557725	42.55332254878743
35.0166484555841	55.30627713635511
33.146176394558054	48.909369174912214
30.63033989484287	49.57548960163832
23.469833118794917	35.0575912513537
26.95645335601916	37.325498055473545
33.492586465656174	55.97218514246937
23.249769691522907	49.88304497489725
32.57500141307549	55.954945902886266
31.13522998014214	52.6457015624354
27.242140375673976	58.31020695460659
43.5361902478723	67.9285775550222
27.696583667874872	43.519955783894304
27.159988181901824	33.911118750643105
19.211719087182818	30.051871555583354
36.028817289652395	64.17854469664883
38.14250225219641	56.06813621853079
30.30955126397596	42.037672536208255
33.91202276082119	49.479464500998176
21.997792653315983	43.46354351206416
14.51453671255996	30.242656298885997
28.450817113023884	33.50232366954446
25.730133258402965	54.937050013880594
33.856748317824746	62.27251883927747
29.39078387472898	50.6646108795107
27.38084514965971	57.67632788396048
37.70206546951158	54.355493660113034
44.720860831350535	54.24471891053432
25.697075257859865	40.90000242453419
39.67999592067885	54.57658040685886
48.615822320034184	68.49114449615291
28.480503445825317	51.28192707588623
45.37853936081714	68.64928073620999
32.73458306622868	36.657933843019286
34.78098867891967	68.52223741865467
35.80299659967287	45.72563625813454
26.227582271634645	56.962009903217165
33.7789657329502	43.637752170505706
31.100718928878184	49.800280539981266
18.957208682008318	53.47838324962834
33.80632177227274	46.85127117275264
15.145762920204067	40.247442767782765
16.75879768256237	37.70795473348614
23.716466763254804	54.81448585239619
38.297560718345004	57.43722666963194
29.262691064754435	48.00326730952261
26.30353178939076	62.41978037143791
22.145162310507878	51.562542940670234
35.03950287511982	57.025721378117225
23.520152615442207	28.437998856993442
34.630514335973444	59.56944351282812
38.27701077739323	48.51220755029517
32.00145240661579	44.80190168895552
34.051592513814875	63.39006760039137
42.17480542574663	58.40992466090587
32.101764561532576	49.48226549596199
41.82641598046351	57.87728127699521
35.635014121976496	46.06681680720996
20.206198402263972	49.75857897959605
36.84605060401112	49.68616635255463
27.923225147325812	49.633974937442865
23.048408934958154	42.350188872848406
38.23503981099772	46.94881027937274
31.971185876013983	45.484348038567425
27.703767675045803	39.518354207573026
35.14968305378533	54.60174850964622
25.671543019842968	41.432057498978715
31.10409138242638	47.83204674764691
8.056450257812024	34.49543003599154
32.65835951864442	56.9327577503477
40.018130423698594	55.83227944753735
20.648587530896926	33.04992689346099
33.364270361004856	63.69084948834426
22.96152971729736	39.426257223009046
22.07825475037042	62.86210685324371
24.079446098401817	53.360700005491964
24.852834568211346	40.27438128769822
33.00153732913471	49.905331402017275
20.56988253324405	65.94001731976587
27.82479346264946	44.4996903997424
26.78271312244631	56.41178455520525
30.949029429931898	39.73332763599177
19.94445538293415	49.664553625385174
28.529565587296563	49.89017370699496
37.21906457606176	67.09262079502722
26.820244167434115	44.16971051645321
29.317255536549126	52.77884477948792
29.882158937155733	51.45001660800186
32.37814846095464	59.04191359511568
37.078648564382846	60.98780554176901
22.63221427123541	33.651349591238265
24.86223565366249	28.440096285371524
17.798603828066675	38.45625943633567
32.8081814812921	58.61951517455117
27.61797703207855	46.16646821655159
43.46824334975908	56.98817100780988
26.421620947719223	65.5394080003072
30.750359986420854	63.30127949488629
32.03102616847471	50.799852763263466
22.015352563819192	48.56428843969165
23.064052861817753	44.758484800636644
31.98225406943476	57.10911264884832
30.10900856063041	42.95888908259273
27.24432548809523	46.055426776931306
27.579520705926537	55.73473557134702
31.836411045218025	43.830373504094524
29.365862739754142	43.57955705937905
30.571957361445406	66.92159647216133
31.73767839891315	74.1343431473559
21.246533615119645	38.22879575060102
11.468416013640052	36.736285930782486
43.593471751733304	63.15716657952726
37.815920424363306	44.82603230918454
42.21271050089795	51.46668111177656
34.61014572215301	45.64976285146293
12.866362998521922	39.67437438957705
22.875523707311544	33.48959828786434
16.503673604347085	33.944921285196415
23.244519281809254	50.561764023275934
33.110635668955844	56.424148336330084
19.17146090290792	45.96555482134284
25.58982617428696	39.88313722888341
24.74291443680313	40.17501854398208
32.26539986539733	55.09424718316323
32.74751190558499	64.13151845598091
44.96405036653367	62.743747778482124
19.696194960851656	36.322319280039984
39.61935287228254	48.683781518485375
35.44558289184763	52.4936723810992
32.60448413297426	43.19303022089498
23.34696579837988	47.59508073330878
21.929053478545754	51.77208416744382
23.455541107436453	48.66093678108177
34.51488242504864	45.35477788754582
30.787456874461665	58.47151370056524
21.171759832706705	41.41748528842131
30.48575032210867	34.520235458659194
38.68505060343088	62.73165768431746
31.60357242831201	42.46865284668086
27.135289713694206	53.970240235117565
22.987977123053525	48.565937581579085
28.818626278330775	39.55551990350176
25.004706681672722	54.30196612589394
24.67242455067924	52.53853643220966
32.59648868127681	51.9894241131253
45.600793869617945	77.56321311823562
37.06276381500033	81.20203374706514
24.342647132370736	48.57442058090601
35.516080649376136	50.95141379520263
19.346182244704906	51.868094806640165
16.16186512905024	44.77456740362564
22.554003974985303	24.76571537135358
31.124738705433906	51.05398160172352
28.819809351047173	36.522469059463795
28.510066658245638	54.61241579634184
20.58285157626517	58.60648139465855
30.475030623153216	60.905334924807235
18.42625966989922	39.34010001003822
32.42863574788906	40.52918639104735
39.48434148552712	58.93368867358602
31.496989673159803	52.2781300662697
31.56577946402377	60.782777806740555
26.719312375583474	43.2975054867226
36.15109572481985	60.51844270558142
25.675905905166488	46.510852988218005
18.267056382697014	40.93327492437851
36.869443946707506	58.7549647496476
29.120352492856377	49.49167301256061
36.50257542679358	48.11332449752668
34.47115049916089	65.87799663371969
28.148445878245326	48.24947418017905
27.132492053718853	50.39603151159979
35.970109287338104	47.13143163117649
18.372997558099666	40.52152718773288
34.15745910776743	61.53992723049123
35.88880177782066	61.023776707754664
26.687788026800867	35.78165374018502
32.554579780652155	53.285048331147614
29.67888408127553	59.08870405725244
27.117300939758458	49.96677180937268
30.343963856969054	44.728880852983956
35.398874522235346	54.42128141228716
32.00668236414341	34.88044376407461
31.278728579734725	56.09799342699149
26.46999198707666	49.14603508375545
34.04705261216854	49.818033381414764
24.59602365104441	45.15219619835589
28.4562651306871	65.01927319857577
40.008118783435336	64.59305081181245
47.051145684258614	70.79587272071016
22.123129173438794	52.97972648124459
37.97700047957039	66.8372634019068
27.90141440337182	48.02319834500235
26.68611178074103	51.00066236936894
41.218279680714836	59.907508184428124
39.14913402277683	56.342695827567645
38.44711201643752	45.358875720962146
16.59675620753979	32.41824190546272
34.46098593871697	46.432895276338286
38.158499521321446	52.128472544458816
39.75997489177287	69.49972252350885
23.16430278904453	36.67583537050245
32.748903261300185	54.407915619034895
29.20769247931312	34.13416117756688
33.10054077132111	48.23321018221407
28.780234149809168	53.48023411732822
25.654175848042755	41.595297544953205
36.713015958108734	50.15597468806136
17.898006092965254	43.50792823971586
42.72123401999883	54.220296521451736
25.87372568460249	55.01389497969976
32.85964626903586	41.687150922828515
38.953338652428556	68.66002198147301
32.24535025504752	67.85671122358339
28.17937540368	51.645210469149156
41.18931051864517	75.01749227854302
22.419904425526546	32.5854372954899
31.877905720244655	48.39750498174877
28.403538205430262	39.563430596827246
28.00828714771979	30.364159595362995
25.498508658304715	53.48240084078562
28.369816876002375	62.82890223088448
25.33579311226335	63.322615244746366
18.023326586141387	29.502406273504846
33.70199365107291	56.924503432661126
15.318291058677147	27.661422384157945
27.74102384182042	40.27904888179301
38.091212623880516	56.311762644830054
47.235925152143366	65.43371246398877
29.40354009111552	43.14732814232205
36.97099592572784	46.97562886006861
22.360428256450945	32.05029747602882
38.28413377839547	68.11939507222519
22.6086555785653	54.85686027379394
25.291566325163497	35.05149711624624
35.91418104981184	59.806702775045274
28.418595693108088	49.96113541027352
23.89268060949928	42.43077284426155
36.86410430772061	51.892224353633004
26.666647803731898	43.21480415196954
32.16699481632387	46.07293142419326
34.467119960464444	41.59907679713285
28.973088671437477	31.396142525131236
29.699319408819335	42.061439225505325
11.086568035043204	53.52268101450527
16.839707814601653	45.58100446578251
26.93162665627928	49.4300963063462
23.773585292453458	33.809430605918614
40.39260069151521	65.16666824873813
30.394540943540132	59.5735920980794
34.81759002051861	64.73036553680049
31.754436383927928	58.70618893267934
26.501837070109513	60.07432016273414
27.89805377263309	52.389249053101295
24.79706392185207	43.255864235327635
25.26048195998515	45.51071783300291
28.298303605583325	50.59324695477972
20.449663274383944	46.404226547395865
32.48870651569266	54.12688340702786
31.650823263605478	48.485925912292586
31.643991320049302	74.93293711135175
25.186285471408013	55.57160833028629
26.031918135165423	39.996126465079456
28.93657830853224	62.976006691245544
31.80035513970861	62.27703620721908
39.439517247652994	61.516906613782
23.881334939945322	43.670394218080375
18.619122156304428	47.15463838377973
24.4709623812779	46.358715031630084
33.3115219705676	42.35280338676829
21.55471814772924	38.77286010911671
37.30102716682447	56.39000903631018
25.5706698794604	41.69564006777625
35.879065382295025	62.88282375421031
27.43375580662045	40.87995375197498
33.30081485393296	57.041361168815804
21.87698613067478	41.85360705296048
24.90992648587585	47.691841569849174
30.982331576890505	45.07103310178677
35.50693475723746	76.72747333462809
31.044121435254073	41.86449719978305
33.96620865035508	56.58735822888558
41.810021534995066	56.34484639184453
34.536724356242615	54.686750593151906
30.881448883907947	57.724228501325165
30.13216676191472	45.5431152545835
33.842124135032286	56.14391717362543
26.89395187992835	57.796427919490114
